%YAML:1.0
---
calibration_time: "Sun Oct  3 15:53:56 2021"
image_width: 1280
image_height: 960
board_width: 11
board_height: 8
square_size: 1.
flags: 0
camera_matrix: !!opencv-matrix
   rows: 3
   cols: 3
   dt: d
   data: [ 458.654, 0., 367.215, 0.,
       457.296, 248.375, 0., 0., 1. ]
distortion_coefficients: !!opencv-matrix
   rows: 5
   cols: 1
   dt: d
   data: [ -0.28340811, 0.07395907,
       0.00019359, 1.76187114e-05, 0. ]
avg_reprojection_error: 9.2206388461300748e-02
