%YAML:1.0
---
R: !!opencv-matrix
   rows: 3
   cols: 3
   dt: d
   data: [ 0.7478083914605587, -0.11516701076038915, 0.6538495004920387, 
        0.11135339663404431, 0.992645683166148, 0.047486511239222685,
       -0.6545097636546252, 0.03729755118138487, 0.7551330094471033 ]
T: !!opencv-matrix
   rows: 3
   cols: 1
   dt: d
   data: [ -0.19910705773665188, -0.11816425213280256,
       -0.0978365152317403 ]
R1: !!opencv-matrix
   rows: 3
   cols: 3
   dt: d
   data: [ 9.9994358117946436e-01, -9.2247756398170511e-03,
       5.2666851418126139e-03, 9.1944028259496099e-03,
       9.9994112742647534e-01, 5.7623465483812204e-03,
       -5.3195314325720821e-03, -5.7135974188341635e-03,
       9.9996952823067231e-01 ]
R2: !!opencv-matrix
   rows: 3
   cols: 3
   dt: d
   data: [ 9.9990216583739921e-01, -1.3972135113485317e-02,
       -6.6196227146628032e-04, 1.3968106614860649e-02,
       9.9988594952337406e-01, -5.7428166727384591e-03,
       7.4212618483716854e-04, 5.7330084694954663e-03,
       9.9998329079170845e-01 ]
P1: !!opencv-matrix
   rows: 3
   cols: 4
   dt: d
   data: [ 4.3976968345390787e+02, 0., 3.1922491073608398e+02, 0., 0.,
       4.3976968345390787e+02, 2.3981462478637695e+02, 0., 0., 0., 1.,
       0. ]
P2: !!opencv-matrix
   rows: 3
   cols: 4
   dt: d
   data: [ 4.3976968345390787e+02, 0., 3.1922491073608398e+02,
       -1.4701017764697685e+03, 0., 4.3976968345390787e+02,
       2.3981462478637695e+02, 0., 0., 0., 1., 0. ]
Q: !!opencv-matrix
   rows: 4
   cols: 4
   dt: d
   data: [ 1., 0., 0., -3.1922491073608398e+02, 0., 1., 0.,
       -2.3981462478637695e+02, 0., 0., 0., 4.3976968345390787e+02, 0.,
       0., 2.9914233864130796e-01, 0. ]
