%YAML:1.0
---
R: !!opencv-matrix
   rows: 3
   cols: 3
   dt: d
   data: [ 9.9997023317191713e-01, 4.7391709246099711e-03,
       6.0887625219665648e-03, -4.8084895409380175e-03,
       9.9992321737353185e-01, 1.1420936288203622e-02,
       -6.0341692415992829e-03, -1.1449874074060730e-02,
       9.9991624108484800e-01 ]
T: !!opencv-matrix
   rows: 3
   cols: 1
   dt: d
   data: [ -3.3425631770444570e+00, 4.6707313905958545e-02,
       2.2128672072081849e-03 ]
R1: !!opencv-matrix
   rows: 3
   cols: 3
   dt: d
   data: [ 9.9994358117946436e-01, -9.2247756398170511e-03,
       5.2666851418126139e-03, 9.1944028259496099e-03,
       9.9994112742647534e-01, 5.7623465483812204e-03,
       -5.3195314325720821e-03, -5.7135974188341635e-03,
       9.9996952823067231e-01 ]
R2: !!opencv-matrix
   rows: 3
   cols: 3
   dt: d
   data: [ 9.9990216583739921e-01, -1.3972135113485317e-02,
       -6.6196227146628032e-04, 1.3968106614860649e-02,
       9.9988594952337406e-01, -5.7428166727384591e-03,
       7.4212618483716854e-04, 5.7330084694954663e-03,
       9.9998329079170845e-01 ]
P1: !!opencv-matrix
   rows: 3
   cols: 4
   dt: d
   data: [ 4.3976968345390787e+02, 0., 3.1922491073608398e+02, 0., 0.,
       4.3976968345390787e+02, 2.3981462478637695e+02, 0., 0., 0., 1.,
       0. ]
P2: !!opencv-matrix
   rows: 3
   cols: 4
   dt: d
   data: [ 4.3976968345390787e+02, 0., 3.1922491073608398e+02,
       -1.4701017764697685e+03, 0., 4.3976968345390787e+02,
       2.3981462478637695e+02, 0., 0., 0., 1., 0. ]
Q: !!opencv-matrix
   rows: 4
   cols: 4
   dt: d
   data: [ 1., 0., 0., -3.1922491073608398e+02, 0., 1., 0.,
       -2.3981462478637695e+02, 0., 0., 0., 4.3976968345390787e+02, 0.,
       0., 2.9914233864130796e-01, 0. ]
