%YAML:1.0
---
M1: !!opencv-matrix
   rows: 3
   cols: 3
   dt: d
   data: [ 894.2434408572124, 0., 638.1060117839045, 0.,
       896.6432286773423, 382.2677524325125, 0., 0., 1. ]
D1: !!opencv-matrix
   rows: 5
   cols: 1
   dt: d
   data: [  0.13434585762042817, -0.2516512991623483, 0., -0.000862612552292992,  0.007279592922418001 ]
M2: !!opencv-matrix
   rows: 3
   cols: 3
   dt: d
   data: [ 718.3016461675478, 0., 639.4761478494999, 0.,
       718.9502993821736, 451.8233122909601, 0., 0., 1. ]
D2: !!opencv-matrix
   rows: 5
   cols: 1
   dt: d
   data: [  -0.08092601493333926, -0.007729829738556227, 0., -0.0809847001415104,  0.14535420352449413 ]
