%YAML:1.0
---
M1: !!opencv-matrix
   rows: 3
   cols: 3
   dt: d
   data: [ 5.3392448826946725e+02, 0., 3.2882415476551290e+02, 0.,
       5.2857636779522500e+02, 2.3724236747760105e+02, 0., 0., 1. ]
D1: !!opencv-matrix
   rows: 1
   cols: 14
   dt: d
   data: [ -2.5847771990971574e-01, -1.2969221843714202e-01, 0., 0., 0.,
       0., 0., -4.0469016613274594e-01, 0., 0., 0., 0., 0., 0. ]
M2: !!opencv-matrix
   rows: 3
   cols: 3
   dt: d
   data: [ 5.3392448826946725e+02, 0., 3.1406466877037155e+02, 0.,
       5.2857636779522500e+02, 2.4222537573117978e+02, 0., 0., 1. ]
D2: !!opencv-matrix
   rows: 1
   cols: 14
   dt: d
   data: [ -2.6275800491250872e-01, -1.3243221855346560e-02, 0., 0., 0.,
       0., 0., -1.9692458400989710e-01, 0., 0., 0., 0., 0., 0. ]
