%YAML:1.0
---
calibration_time: "Sun Oct  3 15:53:56 2021"
image_width: 1280
image_height: 960
board_width: 11
board_height: 8
square_size: 1.
flags: 0
camera_matrix: !!opencv-matrix
   rows: 3
   cols: 3
   dt: d
   data: [ 718.3016461675478, 0., 639.4761478494999, 0.,
       718.9502993821736, 451.8233122909601, 0., 0., 1. ]
distortion_coefficients: !!opencv-matrix
   rows: 5
   cols: 1
   dt: d
   data: [ -0.08092601493333926, -0.007729829738556227, 0., -0.0809847001415104,  0.14535420352449413 ]
avg_reprojection_error: 9.2206388461300748e-02

