%YAML:1.0
---
calibration_time: "Sun Oct  3 15:53:56 2021"
image_width: 1280
image_height: 960
board_width: 11
board_height: 8
square_size: 1.
flags: 0
camera_matrix: !!opencv-matrix
   rows: 3
   cols: 3
   dt: d
   data: [ 7.1239787607124015e+02, 0., 6.5266087456356286e+02, 0.,
       7.1260663801079568e+02, 4.4994610712387629e+02, 0., 0., 1. ]
distortion_coefficients: !!opencv-matrix
   rows: 5
   cols: 1
   dt: d
   data: [ -3.9450402568099502e-01, 1.6048105420872713e-01,
       1.2582245751145658e-04, -9.1387300023483065e-04, 0. ]
avg_reprojection_error: 9.2206388461300748e-02
