<?xml version="1.0"?>
<opencv_storage>
<calibration_time>"2021年06月02日 星期三 10时36分12秒"</calibration_time>
<nr_of_frames>25</nr_of_frames>
<image_width>640</image_width>
<image_height>480</image_height>
<board_width>9</board_width>
<board_height>6</board_height>
<square_size>16.</square_size>
<fix_aspect_ratio>1.</fix_aspect_ratio>
<!-- flags: +fix_aspectRatio +fix_principal_point +zero_tangent_dist +fix_k4 +fix_k5 -->
<flags>6158</flags>
<fisheye_model>0</fisheye_model>
<camera_matrix type_id="opencv-matrix">
  <rows>3</rows>
  <cols>3</cols>
  <dt>d</dt>
  <data>
    1.0947987402243730e+03 0. 3.1950000000000000e+02 0.
    1.0947987402243730e+03 2.3950000000000000e+02 0. 0. 1.</data></camera_matrix>
<distortion_coefficients type_id="opencv-matrix">
  <rows>5</rows>
  <cols>1</cols>
  <dt>d</dt>
  <data>
    1.2630698216670821e-01 -8.7503469113896521e+00 0. 0.
    1.8256416167857648e+02</data></distortion_coefficients>
<avg_reprojection_error>2.0746502716423765e-01</avg_reprojection_error>
<per_view_reprojection_errors type_id="opencv-matrix">
  <rows>25</rows>
  <cols>1</cols>
  <dt>f</dt>
  <data>
    2.15520561e-01 1.91616803e-01 1.80350438e-01 2.12369546e-01
    1.96281910e-01 1.71823934e-01 1.66634440e-01 2.27034792e-01
    2.75551736e-01 1.85492843e-01 1.97941527e-01 2.11672589e-01
    1.94283158e-01 2.12400973e-01 2.46746525e-01 2.19043434e-01
    2.29347542e-01 1.86385155e-01 2.12238997e-01 1.89968437e-01
    2.17953667e-01 1.96300969e-01 2.21600652e-01 2.02627465e-01
    1.92785159e-01</data></per_view_reprojection_errors>
<!-- a set of 6-tuples (rotation vector + translation vector) for each view -->
<extrinsic_parameters type_id="opencv-matrix">
  <rows>25</rows>
  <cols>6</cols>
  <dt>d</dt>
  <data>
    9.2157687984572037e-02 3.1220278123360347e-02 5.3109047147490943e-02
    -6.1952461928220593e+01 -5.7202068732609270e+01
    5.2121548900842686e+02 8.9308189324844314e-02 3.2916723890874404e-02
    5.2683603249540502e-02 -6.2101242012353893e+01
    -5.6417548928185099e+01 5.2157084441570180e+02
    8.9001001397084029e-02 3.0622139295703753e-02 5.1806788568722978e-02
    -6.2562226779399111e+01 -5.5559544347979553e+01
    5.2175516056118840e+02 8.9704659511126605e-02 2.8898244844558826e-02
    5.1900611103677254e-02 -6.2506232688311172e+01
    -5.5454836379575561e+01 5.2199387753461815e+02
    9.5951538392359842e-02 3.0312661100083956e-02 5.2093252692964193e-02
    -6.2314671535684383e+01 -5.6155237352554643e+01
    5.2155667394831949e+02 9.0345224848654704e-02 3.3049330327705191e-02
    5.2209027670377411e-02 -6.2204327624856255e+01
    -5.6050907158605995e+01 5.2165010612314302e+02
    9.3535277701250627e-02 3.1943089864609329e-02 5.2411141931577816e-02
    -6.2165433197005065e+01 -5.5723080792241696e+01
    5.2182423288834980e+02 9.2287953209923321e-02 2.7529891534946508e-02
    5.2678279884254796e-02 -6.2161374826339227e+01
    -5.6356238547749925e+01 5.2147056619868010e+02
    1.0916343884136856e-01 2.6434345428159253e-02 5.1490852008719029e-02
    -6.2640745978145468e+01 -5.4917382392298428e+01
    5.2144915278034659e+02 8.3132666477137657e-02 3.1707661012851288e-02
    5.2598044262205747e-02 -6.2535272394403833e+01
    -5.5196467354319687e+01 5.2236535557127058e+02
    9.7845851849621385e-02 3.0483102448557661e-02 5.1541759273758446e-02
    -6.2774346102309245e+01 -5.5312115231283101e+01
    5.2185192689842893e+02 8.4594358096718184e-02 2.8868568708314630e-02
    5.1612660991680596e-02 -6.2886391043021632e+01
    -5.5449424663225052e+01 5.2198834219017283e+02
    8.4679314443129539e-02 3.2199282648410911e-02 5.1329559066458648e-02
    -6.2840829241053441e+01 -5.5053992930737579e+01
    5.2210043481115622e+02 7.3405693943583830e-02 3.0525257621682067e-02
    5.0647302021240015e-02 -6.3439901981828335e+01
    -5.3453577414984473e+01 5.2297470521255104e+02
    1.0325410328892080e-01 3.0255072462437929e-02 5.0404840265976511e-02
    -6.3165300649259933e+01 -5.3494810706679736e+01
    5.2227926922255347e+02 9.5482726056480255e-02 2.9802410948309776e-02
    5.2651880911562754e-02 -6.2117412862891214e+01
    -5.4151835534155715e+01 5.2246947631813578e+02
    1.0247965366506517e-01 2.9783899104201719e-02 5.2624996714300196e-02
    -6.2015693525079278e+01 -5.4663175638331090e+01
    5.2205124691103356e+02 8.5761525167299582e-02 3.7955057390143154e-02
    5.3167237298662191e-02 -6.1664872126011453e+01
    -5.4830234403290014e+01 5.2276545529084308e+02
    7.7637757252849465e-02 3.1313938899689725e-02 5.3068896190408069e-02
    -6.1926279220022529e+01 -5.3450492125976538e+01
    5.2316867594736652e+02 8.6288996292249051e-02 3.1718723216642382e-02
    5.2387425006073442e-02 -6.2196044631551558e+01
    -5.2851461459713121e+01 5.2336558356899957e+02
    9.1057907418514078e-02 3.1703391479855049e-02 5.2103134436190406e-02
    -6.2209901606889837e+01 -5.2989583860348112e+01
    5.2321299107281709e+02 7.7571939875701060e-02 3.0638985091041057e-02
    5.2268854760173886e-02 -6.2466607572019299e+01
    -5.3207645303718451e+01 5.2328529093462021e+02
    8.9813979294661894e-02 2.8057232517053530e-02 5.1225459259269267e-02
    -6.2936758421130136e+01 -5.1710821842331598e+01
    5.2342996427183255e+02 8.2062526667080929e-02 3.0242901240337294e-02
    5.1468796943450072e-02 -6.2871542582113015e+01
    -5.1919893509396189e+01 5.2363380828986863e+02
    7.6518736990318664e-02 3.3517949580277949e-02 5.1494082183339555e-02
    -6.2889820092224426e+01 -5.1017447334785402e+01
    5.2428604003559280e+02</data></extrinsic_parameters>
